0000000 000407 000202 000016 000004 000250 000000 000000 000001
0000020 170011 010600 011046 005720 010066 000002 004767 000006
0000040 022626 005000 104401 004567 000112 000002 012716 000006
0000060 012746 000202 012746 000001 004737 000062 022626 000167
0000100 000100 010546 010605 016500 000004 016567 000006 000114
0000120 016567 000010 000110 104400 000212 103002 000167 000004
0000140 000167 000010 010067 000072 012700 177777 010506 012605
0000160 000207 005725 010500 010605 010446 010346 010246 162006
0000200 000110 162705 000006 010506 012602 012603 012604 012605
0000220 000207 062550 066154 005157 000000 104404 000000 000000
0000240 071143 030164 067456 000000 000037 000000 062550 066154
0000260 027157 000157 000037 000026 071167 072151 027145 000157
0000300 000037 000062 062562 071164 027156 000157 000037 000124
0000320 071562 073141 027145 000157 000037 000142 060563 071166
0000340 000065 000000 000044 000220 066537 064541 000156 000000
0000360 000042 000026 071562 073141 000145 000000 000042 000144
0000400 073537 064562 062564 000000 000042 000062 071162 072145
0000420 067162 000000 000042 000162 062562 071164 000156 000000
0000440 000042 000134 062543 071162 071157 000000 000042 000124
0000460 062537 071162 067556 000000 000044 000222 071155 060563
0000500 062566 000000 000042 000142
0000510
